% colors
icolor(:,1)=[162 38 109]/255;
icolor(:,2)=[0 96 255]/255;
icolor(:,3)=[80 162 84]/255;
icolor(:,4)=[192 119 38]/255;
icolor(:,5)=[239 0 0]/255;
icolor(:,6)=[0 0 0];
icolor(:,7)=[0.5 0.3 1];
